274122854225148,01211
274122854342393,10131
274122854471116,01121
274122854556442,10141
274122854640737,01131
274122854724215,10161
274122854807005,01121
274122854889848,10131
274122854973454,01141
274122855066326,10141
274122855149846,01141
274122855232399,10141
274122855315806,01121
274122855400362,10101
274122855472444,0191
274122855555403,10161
274122855650512,01121
274122855734549,10141
274122855816503,01111
274122855899733,10131
274122855986515,01121
274122856110869,10131
274122856194138,01151
274122856277274,10141
274122856348360,0191
274122856432713,10111
274122856517778,01131
274122856602005,10161
274122856687482,01131
274122856772518,10141
274122856856530,01141
274122856941069,10171
274122857026321,01141
274122857112377,10151
274122857188689,0191
274122857272375,10111
274122857358168,01101
274122857441862,10151
274122874859542,01141
274122900046614,10111
274122925062000,01131
274122950172968,10111
274122975284311,01131
274123000338108,10151
274123025489282,01121
274123050532591,10161
274123075655552,01141
274123100755083,10111
274123125825831,01111
274123150965164,10171
274123176046285,01141
274123201147544,10151
274123226308029,01161
274123251397249,10171
274123276483216,01141
274123301584019,10111
274123326730556,01111
274123351794393,10151
274123376868964,01111
274123402023625,10151
274123427084787,01121
274123452163075,10131
274123477241769,01151
274123502428933,10181
274123527432243,01151
274123552534420,10141
274123577651023,01131
274123602738194,10141
274123627810822,01161
274123652961694,10151
274123678082724,01151
274123703125977,10161
274123728270459,01181
274123753360207,10171
274123778453513,01161
274123803569466,10211
274123828663842,01191
274123853764064,10181
274123878868467,01171
274123904026814,10171
274123929047793,01201
274123954138307,10151
274123979335163,01201
274124004470421,10171
274124029532261,01201
274124054693435,10171
274124079659059,01161
274124104781686,10201
274124129955306,01171
274124155092036,10181
274124180199179,01171
274124205319504,10201
274124230455797,01201
274124255488801,10211
274124280622656,01171
274124305689071,10201
274124330801880,01161
274124355902513,10201
274124381030155,01191
274124406117206,10171
274124431195865,01201
274124456246304,10181
274124481418724,01161
274124506560519,10201
274124531650954,01201
274124556695469,10191
274124581762877,01171
274124606965897,10201
274124632080920,01151
274124657176104,10171
274124682233722,01201
274124707392472,10201
274124732496209,01181
274124757556767,10171
274124782720222,01151
274124807716137,10201
274124832899896,01201
274124858029588,10181
274124883071554,01191
274124908110640,10161
274124933204170,01161
274124958353403,10211
274124983419304,01201
274125008550724,10201
274125033645935,01211
274125058748779,10191
274125083815651,01171
274125108946604,10171
274125134049267,01221
274125159150315,10231
274125184283511,01221
274125209397601,10211
274125234476729,01191
274125259584229,10261
274125284696987,01261
274125309782430,10271
274125334899477,01261
274125360044639,10251
274125385053347,01221
274125410197207,10231
274125435326768,01261
274125460433820,10221
274125485546299,01231
274125510616898,10261
274125535769871,01191
274125560832487,10191
274125585956373,01231
274125611070242,10251
274125636183409,01211
274125661277949,10191
274125686402159,01191
274125711525419,10261
274125736673311,01241
274125761743501,10251
274125786856612,01231
274125811963186,10241
274125837077490,01251
274125862201260,10221
274125887305161,01251
274125912365481,10251
274125937476101,01231
274125962638788,10211
274125987783393,01231
274126012899292,10241
274126038001677,01201
274126063131496,10221
274126088217199,01131
274126113319635,10131
274126138465471,01131
274126163543389,10141
274126187573035,0171
274126212687314,1091
274126237789518,0181
274126263961056,10101
274126288036036,0161
274126314140193,10111
274126338232899,0151
274126364343382,10101
274126388394179,0151
274126414560833,10101
274126438623041,0151
274126463750552,1071
274126489894219,01101
274126514989819,10121
274126539076184,0151
274126564141327,1091
274126589326606,0181
274126614412828,1091
274126640586036,01111
274126665818703,10131
274126690761605,01121
274126715959985,10141
274126739977751,0181
274126766144377,10141
274126790209810,0181
274126816311518,10101
274126840351850,0191
274126866539118,10121
274126890614967,0191
274126916791162,10111
274126941878633,01131
274126966975236,10141
274126992086120,01141
274127017201918,10121
274127042286204,01121
274127067427372,10141
274127092483551,01141
274127117599795,10121
274127142722768,01141
274127167836592,10111
274127192964170,01141
274127218035901,10151
274127243170019,01131
274127268271285,10121
274127293421341,01111
274127318457566,10121
274127342539161,0191
274127368685663,10111
274127393793843,01101
274127418961063,10121
274127443975580,01131
274127469137370,10111
274127494170252,01151
274127518293352,1091
274127544459743,01111
274127569534975,10111
274127594633963,01111
274127619710410,10131
274127644838451,01131
274127669997541,10111
274127695112003,01141
274127720141051,10141
274127744199569,0181
274127770366824,10121
274127795520965,01111
274127820611644,10101
274127845735995,01121
274127870789208,10131
274127894917716,0181
274127919980900,1091
274127946165901,01121
274127971268414,10101
274127995332541,0191
274128020427832,1091
274128046553290,01121
274128071682938,10131
274128096789418,01101
274128120850709,1071
274128145976960,0171
274128172095631,10111
274128196124175,0171
274128222283715,10121
274128247389806,01101
274128272486696,10121
274128296555884,0181
274128322719889,10121
274128346781606,0191
274128372965564,10131
274128398034271,01121
274128423062559,10111
274128447173957,0191
274128473295509,10131
274128498386962,01121
274128523465729,10121
274128548590609,01121
274128572633626,1081
274128598015800,0191
274128624131830,10121
274128649010003,01121
274128674147954,10111
274128699235977,01131
274128724383497,10131
274128749436729,01101
274128774483476,10141
274128799603383,01151
274128824706794,10141
274128849836048,01141
274128874973070,10151
274128900267917,01111
274128925387572,10121
274128950361908,01121
274128975445431,10101
274129000483732,01111
274129025640370,10131
274129050700980,01121
274129075759626,10121
274129100839891,01131
274129125985034,10121
274129151052732,01161
274129176230110,10161
274129201289309,01111
274129226414129,10151
274129251510382,01121
274129276605797,10151
274129301746357,01151
274129326862642,10111
274129350979751,0191
274129377048556,10161
274129402153322,01141
274129427247658,10141
274129452400624,01141
274129477483472,10131
274129502587752,01151
274129527677739,10161
274129552761665,01141
274129577882568,10141
274129602996635,01141
274129628097313,10111
274129653228174,01151
274129678309358,10171
274129703428742,01131
274129728515962,10151
274129753636290,01101
274129778776339,10151
274129802815681,0191
274129828961501,10111
274129854102317,01151
274129879187357,10141
274129904319059,01141
274129929424405,10131
274129954531656,01121
274129979681565,10151
274130004774917,01141
274130029890582,10171
274130055010051,01141
274130080091221,10111
274130104101506,0191
274130130323803,10111
274130155849100,01101
274130180798436,10151
274130204784982,0191
274130230822125,10141
274130255908825,01131
274130281030120,10131
274130306554573,01121
274130331260896,10141
274130356356648,01131
274130381484482,10131
274130405504052,0191
274130431619431,10141
274130455701925,0181
274130481850429,10111
274130505943684,0181
274130532031509,10141
274130556115119,0191
274130582294492,10111
274130607380490,01131
274130632509733,10141
274130657610543,01141
274130682745394,10101
274130707841544,01121
274130732979185,10111
274130758065057,01141
274130783198902,10121
274130808292705,01101
274130833393285,10141
274130857464664,0191
274130883613400,10131
274130907664432,0181
274130933825568,10111
274130957914019,0181
274130984081265,10141
274131009127594,01121
274131034239675,10151
274131059354246,01141
274131084426957,10141
274131109552661,01141
274131134665499,10111
274131159776174,01111
274131184959722,10151
274131209994098,01141
274131235134441,10121
274131260244336,01141
274131285339019,10171
274131310464240,01121
274131335538616,10131
274131360668360,01111
274131385722115,10111
274131410849271,01161
274131435963065,10111
274131461128619,01151
274131486191106,10111
274131511515584,01121
274131536533862,10121
274131561529642,01151
274131586652466,10111
274131612063773,01111
274131637135741,10131
274131662020324,01141
274131687108410,10151
274131712158120,01151
274131737302517,10111
274131762377544,01121
274131787454041,10141
274131811501774,0191
274131837672085,10141
274131862782882,01141
274131887923232,10151
274131913002532,01121
274131938130226,10111
274131963262285,01131
274131988342366,10131
274132013490449,01101
274132038606970,10151
274132063704238,01111
274132089035774,10151
274132113980748,01141
274132139022624,10151
274132164128352,01131
274132189469124,10111
274132214340254,01151
274132239451336,10141
274132264562130,01151
274132289654250,10141
274132314775927,01121
274132338905918,1091
274132365062170,01151
274132390425724,10141
274132415291752,01151
274132440418261,10141
274132465556620,01101
274132490655806,10101
274132515734472,01131
274132540831175,10141
274132565957550,01101
274132591038482,10111
274132616171645,01151
274132641252641,10131
274132666387183,01141
274132691474387,10111
274132716600817,01131
274132741074311,1091
274132766806189,01111
274132791919957,10121
274132817006215,01211
274132842114970,10131
274132867305944,01411
274132892414653,10161
274132917522602,01591
274132942579299,10161
274132967727557,01721
274132992829388,10141
274133017888565,01861
274133043047527,10151
274133068184511,01941
274133093282796,10161
274133118399001,01931
274133143449763,10131
274133169626618,011001
274133193667305,10131
274133219818702,011001
274133243896284,10131
274133270090976,011071
274133294144049,10151
274133320305387,011141
274133344351458,10131
274133370516526,011181
274133394570323,10161
274133420692340,011221
274133444780143,10181
274133471016519,011291
274133494983087,10181
274133521155378,011331
274133545223279,10181
274133571351399,011461
274133595445590,10231
274133621557323,011591
274133645641471,10191
274133671776377,011651
274133695850159,10261
274133722006596,011801
274133746316170,10261
274133772301993,011871
274133796358338,10301
274133822570552,012061
274133846599751,10391
274133873012172,012121
274133896818999,10331
274133922942840,012121
274133947153523,10311
274133973432852,012121
274133997259562,10321
274134023413163,012111
274134047468485,10291
274134073634420,012091
274134097676651,10331
274134123786234,012111
274134147858239,10311
274134174036459,012081
274134198073387,10311
274134224214472,012071
274134248214418,10281
274134274410351,012101
274134298450726,10341
274134324603873,012121
274134348647384,10321
274134374802986,012101
274134398839613,10311
274134425021276,012121
274134449146420,10311
274134475195163,012221
274134499325234,10341
274134525458304,012391
274134549528678,10381
274134575668875,012481
274134599726909,10451
274134625887685,012551
274134650034141,10431
274134676180822,012591
274134700116607,10381
274134726303798,012651
274134750383807,10421
274134776694866,012721
274134800819624,10451
274134826798728,012861
274134850882677,10451
274134876990785,012921
274134900978987,10451
274134927133128,012941
274134951194638,10531
274134977303188,013031
274135001423411,10501
274135027563722,013031
274135051658804,10541
274135077779082,013041
274135101852382,10471
274135127954167,013111
274135152032397,10501
274135178214498,013091
274135202291600,10491
274135228437216,013121
274135252492121,10511
274135278633045,013121
274135302702145,10521
274135329132214,013071
274135353024840,10521
274135379079820,013141
274135403152735,10481
274135429313714,013111
274135453392832,10521
274135479549420,013031
274135503662474,10531
274135529947001,013081
274135553931274,10551
274135580136289,013071
274135604119841,10491
274135630266772,013121
274135654350651,10521
274135680423374,013121
274135704490875,10521
274135730621404,013101
274135754710191,10491
274135780802073,013091
274135804918123,10511
274135831063839,013041
274135855153812,10541
274135881292587,013081
274135905347936,10471
274135931422741,013051
274135955547469,10531
274135981729418,013081
274136005783578,10521
274136031930644,013041
274136056040052,10501
274136082121510,013111
274136106174484,10471
274136132291460,013091
274136156366658,10521
274136182474171,013101
274136206517725,10461
274136232692154,013061
274136256682439,10491
274136282885175,013101
274136306977751,10511
274136333091363,013061
274136357153005,10471
274136383293862,013041
274136407396879,10481
274136433555916,013041
274136457613939,10501
274136483764667,012961
274136507816872,10531
274136534031701,012941
274136558049728,10491
274136584227022,012931
274136608240009,10491
274136634555893,012931
274136658810734,10491
274136684609788,012961
274136708697971,10471
274136734808755,012961
274136758917282,10461
274136785216505,012951
274136809097780,10461
274136835333464,012951
274136859418797,10491
274136885704417,012961
274136909622484,10491
274136935785840,012941
274136959860577,10501
274136986007808,012931
274137010106935,10501
274137036102223,012951
274137060132663,10481
274137086355349,012931
274137110416819,10481
274137136576055,013001
274137160638430,10471
274137186819096,012981
274137210869624,10501
274137237017137,012961
274137261071633,10471
274137287205594,012991
274137311291646,10501
274137337439113,012971
274137361482698,10571
274137387564912,012981
274137411706017,10531
274137437803302,012991
274137461956204,10501
274137488033907,012961
274137512117267,10471
274137538249289,012991
274137562351519,10501
274137588513991,012971
274137612602404,10491
274137638744543,012941
274137662826961,10511
274137689012089,012941
274137713067635,10491
274137739190320,012951
274137763277678,10491
274137789447851,012911
274137813487974,10481
274137839803823,012981
274137863830703,10521
274137890245559,012921
274137914020691,10451
274137940230485,012951
274137964196259,10441
274137990399078,013011
274138014440828,10491
274138040758411,012981
274138064983835,10491
274138091016202,012941
274138114955743,10561
274138141091838,012991
274138165136467,10541
274138191297384,012981
274138215260478,10481
274138241425709,012931
274138265489063,10501
274138291639720,012931
274138315713708,10431
274138341875282,012981
274138365966936,10491
274138392066063,012991
274138416112611,10481
274138442291566,012981
274138466371788,10491
274138492495884,012921
274138516589002,10491
274138542681449,012981
274138566732889,10501
274138593015150,012901
274138617014317,10491
274138643157460,012921
274138667430647,10451
274138693372674,012931
274138717499217,10501
274138743660599,012941
274138767871721,10461
274138793899618,012931
274138817959936,10501
274138844103624,012981
274138868123878,10471
274138894319081,012931
274138918381754,10501
274138944494901,012921
274138968541976,10501
274138994670456,012981
274139018743987,10501
274139044868556,012931
274139068924609,10551
274139095054534,012931
274139119202955,10541
274139145299790,012981
274139169383608,10491
274139195513243,012961
274139219621455,10541
274139245712110,012951
274139269762805,10481
274139295912969,012981
274139319970527,10531
274139346109910,012981
274139370201758,10511
274139396359978,012961
274139420403816,10491
274139446577023,012981
274139470625893,10521
274139496771166,012971
274139520832228,10551
274139547024637,012991
274139571070999,10511
274139597184724,012931
274139621251810,10561
274139647378546,012951
274139671467412,10571
274139697620079,012951
274139721660479,10511
274139747814479,013011
274139771895009,10531
274139798034146,012951
274139822096705,10541
274139848186806,013001
274139872310872,10581
274139898421382,012951
274139922498041,10531
274139948678671,012991
274139972729997,10551
274139998860638,012931
274140022844713,10561
274140049032382,012981
274140073081154,10561
274140099293866,012951
274140123391266,10611
274140149427410,013001
274140173519828,10631
274140199706214,012971
274140223785862,10581
274140249964807,012991
274140274029693,10601
274140300163119,012941
274140324121942,10581
274140350285622,012971
274140374337785,10591
274140400543568,012981
274140424579743,10591
274140450725885,012931
274140474793105,10631
274140500937203,012991
274140524980702,10621
274140551269713,012931
274140575160707,10641
274140601319287,012931
274140625397726,10611
274140651519490,012961
274140675582235,10651
274140701693160,012971
274140725944505,10661
274140752036017,012911
274140776033234,10651
274140802113854,012951
274140826171615,10621
274140852360427,012941
274140876475960,10681
274140902618087,012971
274140926588992,10691
274140952759101,012941
274140976851866,10711
274141002973009,012941
274141027068981,10701
274141053097984,012961
274141077151026,10671
274141103389344,012991
274141127367887,10691
274141153586273,012961
274141177643811,10721
274141203760882,012931
274141227842926,10691
274141253983969,012991
274141278029554,10791
274141304145863,012971
274141328259523,10781
274141354449601,012961
274141378514211,10791
274141404599678,013011
274141428714319,10771
274141454844326,012951
274141478982670,10791
274141505055251,012961
274141529086793,10731
274141555193186,012991
274141579431088,10781
274141605435848,012971
274141629499744,10751
274141655907455,012971
274141680076330,10791
274141706204254,012931
274141729990201,10741
274141756126974,012971
274141780280232,10731
274141806435556,012961
274141830418209,10811
274141856615239,012971
274141881085561,10761
274141907155478,012911
274141930899533,10751
274141956996082,012971
274141981022932,10751
274142007245512,012941
274142031315567,10771
274142057458800,012951
274142081433983,10821
274142107587390,012991
274142131616518,10771
274142157768456,012991
274142181827703,10801
274142208132289,012951
274142232064690,10791
274142258179177,012991
274142282249871,10801
274142308394701,012951
274142332439507,10811
274142358597622,012981
274142382649905,10811
274142408795238,012951
274142432852357,10821
274142459032264,012981
274142483058955,10801
274142509406652,012971
274142533310156,10771
274142559477858,012931
274142583524911,10861
274142609823866,012911
274142634129995,10861
274142659881893,012951
274142683971057,10861
274142710066076,012981
274142734182949,10811
274142760225904,012911
274142784318710,10771
274142810441067,012981
274142834509447,10841
274142860629887,012991
274142885029722,10791
274142911037217,012971
274142934918566,10841
274142960983457,012961
274142985114932,10831
274143011217354,012941
274143035334369,10841
274143061474808,012951
274143085543920,10841
274143111653681,012911
274143135739438,10851
274143161861357,012951
274143185911876,10851
274143212063553,012911
274143236265527,10861
274143262482090,012931
274143286369232,10861
274143312690649,012881
274143336594159,10811
274143362752637,012961
274143386819597,10841
274143413020493,012931
274143437027794,10811
274143463168192,012951
274143487179653,10871
274143513313869,012971
274143537383875,10821
274143563505957,012961
274143587574647,10861
274143613731453,012991
274143637982863,10821
274143664060613,012931
274143688051191,10851
274143714155783,012961
274143738254601,10851
274143764362108,012931
274143788430643,10871
274143814568916,012951
274143838622055,10871
274143864772348,012961
274143888846940,10901
274143914972339,012971
274143939041366,10881
274143965161232,012951
274143989278204,10841
274144015440475,013001
274144039470676,10901
274144065621335,012991
274144089699491,10871
274144115872135,012981
274144140157005,10851
274144166087756,013001
274144190177885,10851
274144216251987,012971
274144240400816,10901
274144266509374,012951
274144290593559,10851
274144316750300,012961
274144340832185,10901
274144366979937,012951
274144391000780,10871
274144417140910,013001
274144441182202,10881
274144467443974,012941
274144491669933,10851
274144517877741,012961
274144541733731,10911
274144567892101,013001
274144591892723,10901
274144618082252,012981
274144642116315,10891
274144668176295,012931
274144692274323,10851
274144718693875,013001
274144742478744,10851
274144768627675,013001
274144792667856,10881
274144818848470,012971
274144842989765,10921
274144869233683,012941
274144893115830,10951
274144919237037,012981
274144943440488,10881
274144969520878,013011
274144993650448,10921
274145019763852,012931
274145043840043,10861
274145069988003,013001
274145093984782,10871
274145120130734,012991
274145144223593,10891
274145170354382,012941
274145194681935,10911
274145220796900,012961
274145244709550,10911
274145270876904,012941
274145294965112,10921
274145321133604,012961
274145345146848,10911
274145371274548,012981
274145395353310,10921
274145421426052,012961
274145445561892,10941
274145471962162,012941
274145496032377,10911
274145522061482,012961
274145546059235,10911
274145572231689,012951
274145596291237,10951
274145622431069,012971
274145647728688,101001
274145672719844,013011
274145696778165,10971
274145722924716,012941
274145747041113,10941
274145773112667,012971
274145797176235,10911
274145823320379,012931
274145847403990,10971
274145873519816,012971
274145897592024,10941
274145923688068,012951
274145947778898,10941
274145973973620,012971
274145997991001,10971
274146024309246,012961
274146048324557,10981
274146074473363,012941
274146098469265,10941
274146124626528,012921
274146148710350,10961
274146174817769,012931
274146198862885,10951
274146224993154,012941
274146249062555,10911
274146275384764,012971
274146299677044,10921
274146325431522,012991
274146349620371,10931
274146375919394,012991
274146400138533,10991
274146425876564,012991
274146450042686,10911
274146476216253,012961
274146500253926,10971
274146526325618,012921
274146550392947,10971
274146576507082,012921
274146600577956,10931
274146626756255,012961
274146651152558,10951
274146676955096,012911
274146701051335,10971
274146727198447,012911
274146751230851,10931
274146777394067,012951
274146801888270,10921
274146827601107,012931
274146851673233,10961
274146877798246,012961
274146902000855,10911
274146928304969,012891
274146952237395,10941
274146978287502,012921
274147002328041,10941
274147028490594,013001
274147052543417,10941
274147078622861,012951
274147102727492,10911
274147128825614,012971
274147152945095,10931
274147179013201,012931
274147203080826,10901
274147229221269,012951
274147253308781,10971
274147279486991,012961
274147303515243,10951
274147329713245,012971
274147354731293,101011
274147379941067,012931
274147403977833,10971
274147430116066,012931
274147454191710,10961
274147480322455,012951
274147504384773,10911
274147530560552,012971
274147554635015,10911
274147580756164,012941
274147604837352,10981
274147630983826,012981
274147654997521,10931
274147681188418,012971
274147705540244,10971
274147731660940,012991
274147755565577,10971
274147781701541,012961
274147805801643,10971
274147832227412,012951
274147856230530,10911
274147882182665,012901
274147906242634,10961
274147932375332,012941
274147956458578,10931
274147982558136,012981
274148006694604,10941
274148032977343,012951
274148056868548,10941
274148083001852,012961
274148107093347,10951
274148133180655,012971
274148157192270,10951
274148183293638,012951
274148207392292,10911
274148233553841,012951
274148257602677,10971
274148283770755,012971
274148307758076,10911
274148334002393,012961
274148358020839,10981
274148384159903,012971
274148408228168,10951
274148434378918,012981
274148458399463,10901
274148484532709,012961
274148508606936,10911
274148534774374,012951
274148558838156,10921
274148584970323,012981
274148609064373,10971
274148635207720,012981
274148659240946,10961
274148685421765,012941
274148709498971,10951
274148735603588,012911
274148759702388,10911
274148786279343,012921
274148809983571,10901
274148836112912,012981
274148860230750,10931
274148886264584,012951
274148910543604,10941
274148936475084,012961
274148960532397,10971
274148986872754,012961
274149010825599,10931
274149036880465,012981
274149060943788,10941
274149087470746,012981
274149111136928,10951
274149137343633,012941
274149161397491,10981
274149187496056,012991
274149211597748,10961
274149237736025,012971
274149261796714,10911
274149287960694,012961
274149312041719,10921
274149338147353,012921
274149362268439,10911
274149388375340,012971
274149412423354,10951
274149438569049,012971
274149462607079,10951
274149488767481,012951
274149512816825,10961
274149539005611,012961
274149563079917,10931
274149589232287,012931
274149613334912,10941
274149639475044,012981
274149663509743,10941
274149689685542,012941
274149713670192,10931
274149739819285,012971
274149763933993,10921
274149790052519,013001
274149814167396,10971
274149840295749,012981
274149864361463,10951
274149890487720,012981
274149914555005,10991
274149940708986,012941
274149964755172,10951
274149990992554,012941
274150014985420,10971
274150041093411,012961
274150065147419,10931
274150091302585,012921
274150115463612,10951
274150141662668,012961
274150165833534,10931
274150191749436,012961
274150216093173,10951
274150242085384,012971
274150266088021,10941
274150292291931,012931
274150316278832,10951
274150342455272,012911
274150366494310,10941
274150392607748,012991
274150416660728,10941
274150442902199,012971
274150467038100,10951
274150493108209,012931
274150517187674,10951
274150543344555,012991
274150567386204,10971
274150593557291,012971
274150617587438,10981
274150643773386,012931
274150667838472,10981
274150693976196,012971
274150718043947,10941
274150744177151,012961
274150768264616,10961
274150794314922,012951
274150818476717,10941
274150844594587,012971
274150868670151,10961
274150894795389,013001
274150918806059,10931
274150945034704,012951
274150969081245,10911
274150995225884,012941
274151019298112,10961
274151045435925,012951
274151069494349,10931
274151095640416,013101
274151119702780,10941
274151145861108,013201
274151169909900,10971
274151196042854,013221
274151220129713,10981
274151246232399,013301
274151271401144,101031
274151296523588,013501
274151321610576,101031
274151346708677,013641
274151371834057,101091
274151396994632,013701
274151422017906,101071
274151447526836,013811
274151472328506,101141
274151497441846,013991
274151522604589,101141
274151547564156,014001
274151572673878,101131
274151598244534,014161
274151623214976,101181
274151648042805,014421
274151673150654,101221
274151698228994,014601
274151723336913,101221
274151748466707,014731
274151773499980,101231
274151798593648,014931
274151823968536,101271
274151848830904,015231
274151874442790,101321
274151899506187,015231
274151924276510,101281
274151949436252,015141
274151974528030,101321
274151999626798,015181
274152024658849,101291
274152049783041,015121
274152074874175,101351
274152099952228,015161
274152125461731,101361
274152150232005,015151
274152175427555,101301
274152200499157,015101
274152225597252,101271
274152250689122,015161
274152275747283,101271
274152301067328,015181
274152325952695,101271
274152351028702,015151
274152376298928,101261
274152401342264,015141
274152426438469,101281
274152451524128,015161
274152476605378,101281
274152501741035,015101
274152526851781,101311
274152552021568,015101
274152577008623,101241
274152602117093,015161
274152627264925,101291
274152652430269,015171
274152677541140,101251
274152702665732,015041
274152727720576,101301
274152753033780,015111
274152777940353,101231
274152803088360,015021
274152828174630,101281
274152853316092,014981
274152878417791,101241
274152903504938,014941
274152928493048,101221
274152953622329,014731
274152979002831,101211
274153003832511,014761
274153028998791,101181
274153054080721,014531
274153079225464,101211
274153104339275,014381
274153129444591,101111
274153154532050,014041
274153179647809,101111
274153204779441,013911
274153229901237,101131
274153254990393,013831
274153280116899,101051
274153305156220,013791
274153330274681,101061
274153355388386,013701
274153380496082,101051
274153405551016,013541
274153430692737,101031
274153455791162,013331
274153480925829,101021
274153505993055,013341
274153531172173,101071
274153556238166,013321
274153581315000,101071
274153606429463,013261
274153630495094,10991
274153656832688,013221
274153681901690,101001
274153706858401,013171
274153731983061,101001
274153757085046,013121
274153782207294,101001
274153807752462,013081
274153831401954,10951
274153857543513,013091
274153881987555,10951
274153907810921,012991
274153931895156,10951
274153958025790,013001
274153982065382,10981
274154008334593,012991
274154032303790,10961
274154058448905,013001
274154082508143,10961
274154108585585,013021
274154132661078,10941
274154158788783,013031
274154182992737,10931
274154209038010,013021
274154233115930,10931
274154259265858,012991
274154283325163,10991
274154309472260,013021
274154334570282,101031
274154359684465,013011
274154383746623,10981
274154409871533,013001
274154433988492,10911
274154460053080,012971
274154484140624,10961
274154510284603,013031
274154534416263,10941
274154560549329,013011
274154584785408,10951
274154610691400,012961
274154634791582,10961
274154661000185,013011
274154685179791,10981
274154711366742,013011
274154735301126,10941
274154761449620,012931
274154785464820,10981
274154811629882,013021
274154836104732,10941
274154861838801,013011
274154886093061,10931
274154912104421,013011
274154936222554,10971
274154962521556,013031
274154986257065,10951
274155012384131,013041
274155036459514,10961
274155062588729,013041
274155086634282,10951
274155112728326,013051
274155137904514,101031
274155163009234,013191
274155188131281,101031
274155213249596,013201
274155238278203,101001
274155263418825,013301
274155287484077,10981
274155313618804,013351
274155338714633,101041
274155363841181,013601
274155388953335,101101
274155414040635,013651
274155439109790,101121
274155464294303,013851
274155489379797,101071
274155514475781,014191
274155539572941,101161
274155564882522,014181
274155589788050,101181
274155614891496,014461
274155639967023,101171
274155665098620,014521
274155690298881,101231
274155715289907,014791
274155740418686,101251
274155765696387,015121
274155790682394,101531
274155815780687,017061
274155840886541,101641
274155865964050,017451
274155891038800,101761
274155916121325,017421
274155941162034,101791
274155966268553,017451
274155991554712,101691
274156016496203,017221
274156041585338,101321
274156066689302,014561
274156091795272,101251
274156116845226,014021
274156142016150,101091
274156167005185,013361
274156191254013,10971
274156217267611,013191
274156241319886,10941
274156267452972,013061
274156291521188,10911
274156317701062,012921
274156341752774,10941
274156367873977,012941
274156391871398,10901
274156417934628,012861
274156442025869,10901
274156468210799,012711
274156492289772,10881
274156518412553,012711
274156542495113,10911
274156568657094,012751
274156592715108,10921
274156618882206,012851
274156643008998,10921
274156669091577,012951
274156693168418,10981
274156719325145,013171
274156744478802,101011
274156769596448,013301
274156794764949,101071
274156819829079,013821
274156844931476,101131
274156870080204,014351
274156895147146,101171
274156920114876,014891
274156945297616,101521
274156970422274,017161
274156995500925,101681
274157020937216,017401
274157045890628,101801
274157070841130,017421
274157095891740,101801
274157121001658,017421
274157146084110,101611
274157171316518,017201
274157196367378,101491
274157221473288,016821
274157246581204,101231
274157271670590,014671
274157296794816,101191
274157321897329,014351
274157347032834,101161
274157372134412,014021
274157397260974,101111
274157422364407,013901
274157447833133,101121
274157472570583,013751
274157497683384,101091
274157522804136,013521
274157546834421,10991
274157573010789,013401
274157597040747,10991
274157623409929,013271
274157648281227,101001
274157673510050,013281
274157698573586,101001
274157723677090,013201
274157748807181,101021
274157773902842,013191
274157799090032,101021
274157823971423,013161
274157848045828,10991
274157874245688,013141
274157899336238,101041
274157924416403,013181
274157949593153,101051
274157974669847,013211
274157999788678,101001
274158024901779,013231
274158048993748,10971
274158075096695,013161
274158099172437,10981
274158125263344,013181
274158149321067,10961
274158175498214,013221
274158199510983,10981
274158225715136,013181
274158249801545,10971
274158275950821,013151
274158301057351,101021
274158326141546,013161
274158350221886,10991
274158376280408,013201
274158401375003,101001
274158426497672,013161
274158451628689,101001
274158476745362,013201
274158501842228,101001
274158526947716,013141
274158551007172,10971
274158577146758,013181
274158601243194,10991
274158627369221,013181
274158651425687,10941
274158677583082,013181
274158701648322,10981
274158727795278,013171
274158751853864,10981
274158777973447,013161
274158802090055,10971
274158828178484,013181
274158852285946,10971
274158878380696,013171
274158903732217,101041
274158928620529,013181
274158953811225,101031
274158978811249,013121
274159004071784,101021
274159029054162,013191
274159053140137,10971
274159079238759,013191
274159104414730,101011
274159129572050,013171
274159154703335,101001
274159179748716,013171
274159204885641,101001
274159229988781,013141
274159254054102,10951
274159280144074,013131
274159305310311,101011
274159330358308,013201
274159354403273,10991
274159380548663,013181
274159404630301,10971
274159430770161,013121
274159455887255,101011
274159480998862,013151
274159505039498,10961
274159531194363,013111
274159555204190,10951
274159581347426,013171
274159606479334,101001
274159631558724,013141
274159656634956,101001
274159681771921,013151
274159705832699,10981
274159731966747,013191
274159757061169,101011
274159782131927,013211
274159807299831,101001
274159832378342,013211
274159857472655,101021
274159882574766,013191
274159907704562,101001
274159932775306,013161
274159956881227,10961
274159983027446,013191
274160008123761,101051
274160033279553,013211
274160058345580,101071
274160083490006,013201
274160108609536,101011
274160133650197,013191
274160158958881,101001
274160183832352,013211
274160207966990,10991
274160234107363,013151
274160258169087,10981
274160284185589,013191
274160308336926,10971
274160334817960,013201
274160359925698,101021
274160384729893,013171
274160408778819,10981
274160434881037,013131
274160459035457,10951
274160485030662,013211
274160509076582,10991
274160535221950,013211
274160559282942,10931
274160585406103,013181
274160609878012,10951
274160635627558,013171
274160659701678,10911
274160685829119,013111
274160709952037,10931
274160736037092,013161
274160760079765,10881
274160786258563,013151
274160810294610,10871
274160836464739,013201
274160860540267,10881
274160886673565,013171
274160910744560,10881
274160936903913,013171
274160960992242,10861
274160987115086,013171
274161011175020,10771
274161037319435,013211
274161061359789,10751
274161087709005,013181
274161111709697,10781
274161137743497,013161
274161161814703,10841
274161187944209,013161
274161211947739,10801
274161238206446,013201
274161262357643,10741
274161288416828,013121
274161312466329,10781
274161338598139,013181
274161362580484,10751
274161388710301,013201
274161412699675,10701
274161438972881,013181
274161462972932,10761
274161489088205,013211
274161513174625,10751
274161539299851,013191
274161563391005,10781
274161589502020,013181
274161613564754,10811
274161639701993,013191
274161663779905,10831
274161689983375,013181
274161714010056,10821
274161740280014,013131
274161764249372,10821
274161790320742,013151
274161814368670,10861
274161840851785,013181
274161864616385,10831
274161890794553,013161
274161914807711,10881
274161941034238,013151
274161965045839,10851
274161991162775,013181
274162015274718,10911
274162041428171,013181
274162065479625,10921
274162091590504,013211
274162115563903,10931
274162141713942,013181
274162166205822,10961
274162191958220,013201
274162216058307,10981
274162242151823,013201
274162266291031,10971
274162292358300,013191
274162317528609,101031
274162343024436,013171
274162367931036,101091
274162392913710,013181
274162418009820,101111
274162443406975,013221
274162468286062,101081
274162493353538,013151
274162518580802,101181
274162543848027,013171
274162568733098,101261
274162593729231,013211
274162618814599,101331
274162643912881,013231
274162669044629,101481
274162694107678,013281
274162719113466,101551
274162744191747,013271
274162769313586,101701
274162794408784,013341
274162819495415,101821
274162844593684,013281
274162869671864,101871
274162894773590,013361
274162919940968,101961
274162945003826,013351
274162970203050,102031
274162995415181,013361
274163020360617,102081
274163045454449,013361
274163070548608,102151
274163095633488,013381
274163120929737,102251
274163145899742,013401
274163171025251,102321
274163196171105,013451
274163221590656,102321
274163246638198,013411
274163271429628,102371
274163296533245,013441
274163321649082,102401
274163346780000,013461
274163371893570,102441
274163396980576,013441
274163422015328,102431
274163447113926,013451
274163472214502,102511
274163497333181,013461
274163522450614,102581
274163547591767,013491
274163572639993,102511
274163597742858,013491
274163622849585,102521
274163647967609,013451
274163673055395,102491
274163698159630,013451
274163723266829,102411
274163748358984,013441
274163773431396,102341
274163798526968,013431
274163823632735,102181
274163848985075,013391
274163874330798,102111
274163898954112,013391
274163924108650,101911
274163949161773,013311
274163974254036,101821
274163999594597,013321
274164024651413,101641
274164049692911,013261
274164074726672,101491
274164099818399,013231
274164125202481,101311
274164150030605,013171
274164175141320,101081
274164200274928,013191
274164225358069,101051
274164250450456,013151
274164275576211,101041
274164300618220,013171
274164324663870,10951
274164350758058,013221
274164374791582,10951
274164400981376,013161
274164425122420,10921
274164451585061,013201
274164475410878,10921
274164501449767,013221
274164525515486,10901
274164551662928,013151
274164575733150,10951
274164601846747,013221
274164625960901,10921
274164652216794,013201
274164676212579,10861
274164702320622,013201
274164726385914,10821
274164752521900,013151
274164776597430,10841
274164802727367,013191
274164826796499,10811
274164853161822,013221
274164877044235,10791
274164903137384,013201
274164927256977,10781
274164953419852,013191
274164977713919,10721
274165003613698,013201
274165027874107,10771
274165054188008,013181
274165077901718,10731
274165103994902,013191
274165128117446,10811
274165154233961,013151
274165178326032,10801
274165204380225,013181
274165228384169,10831
274165254547693,013171
274165278771237,10881
274165304761749,013121
274165328773807,10901
274165354955276,013201
274165379013570,10911
274165405220626,013201
274165429205270,10891
274165455337564,013131
274165479397208,10891
274165505538999,013191
274165529600745,10911
274165555748818,013181
274165580800215,101001
274165606090903,013151
274165631076829,101041
274165656137991,013171
274165681269471,101091
274165706459953,013261
274165731496212,101391
274165756578790,013251
274165781944309,101641
274165806809700,013331
274165832112540,101821
274165857208633,013331
274165882183766,101861
274165907279703,013351
274165932421906,102011
274165957396702,013371
274165982514261,102141
274166007715133,013421
274166032779493,102331
274166057874075,013451
274166083000157,102341
274166108059621,013401
274166133172059,102371
274166158258251,013491
274166183351530,102461
274166208453945,013471
274166233570782,102551
274166258694701,013481
274166283785421,102631
274166308947045,013521
274166334242566,102601
274166359180751,013511
274166384275849,102631
274166409393833,013481
274166434490640,102621
274166459591250,013431
274166484728313,102611
274166510010162,013501
274166534916082,102451
274166560145375,013441
274166585533924,102311
274166610294498,013371
274166635604660,102181
274166660679578,013341
274166685600489,102041
274166710729551,013371
274166735718172,101861
274166760836977,013351
274166785982211,101721
274166811019928,013301
274166836094917,101541
274166861199443,013281
274166886285155,101301
274166911399994,013221
274166936570213,101121
274166961685543,013151
274166986757315,101011
274167011859689,013201
274167036930605,101011
274167062027963,013201
274167086069977,10971
274167112308535,013211
274167136403273,10951
274167162546194,013141
274167186581292,10931
274167212745411,013151
274167236805767,10891
274167262985575,013171
274167286971390,10901
274167313389113,013151
274167337514920,10881
274167363526558,013151
274167387661061,10851
274167413525751,013161
274167437599566,10881
274167463712082,013151
274167487861820,10861
274167513998028,013161
274167538021263,10881
274167564254708,013151
274167588216317,10851
274167614362199,013201
274167638446798,10871
274167664600897,013191
274167688652461,10851
274167714783630,013141
274167738964771,10861
274167764981912,013161
274167789088000,10851
274167815237213,013191
274167839301848,10891
274167865451277,013141
274167889518747,10871
274167915651263,013161
274167939737124,10851
274167965966497,013171
274167989968986,10871
274168016123850,013161
274168040119980,10831
274168066298852,013221
274168090395764,10871
274168116517668,013191
274168140594948,10851
274168166736942,013141
274168190825398,10831
274168216963133,013181
274168241043381,10871
274168267178102,013191
274168291240415,10841
274168317394208,013161
274168341446017,10821
274168367569663,013221
274168391631486,10891
274168417794347,013201
274168441966391,10851
274168468047890,013151
274168492109979,10861
274168518277132,013161
274168542323447,10851
274168568453927,013181
274168592526039,10861
274168618694278,013181
274168642779282,10831
274168668947374,013141
274168692989679,10891
274168719118007,013191
274168743216285,10901
274168769353624,013211
274168793546259,10861
274168819576182,013191
274168843812975,10861
274168869868964,013151
274168894167739,10811
274168920062621,013191
274168944287617,10811
274168970288320,013181
274168994377406,10851
274169020727756,013211
274169044834398,10861
274169070910363,013221
274169094806610,10831
274169121030460,013181
274169145016664,10861
274169171161321,013141
274169195181737,10871
274169221314342,013161
274169245392924,10861
274169271543471,013191
274169295619771,10851
274169321794386,013261
274169345880473,10901
274169372030206,013621
274169396097320,10961
274169422209686,013861
274169446345968,10951
274169472464535,014041
274169497585752,101051
274169522689507,014421
274169547831301,101121
274169573097017,014521
274169597997721,101041
274169623091443,014791
274169648259763,101101
274169673748924,017101
274169698868266,101391
274169723583895,017361
274169748739408,101541
274169774010632,017441
274169798986955,101661
274169824154294,017521
274169849545958,101701
274169874707454,017641
274169899419869,101791
274169924530149,017591
274169949617130,101861
274169974767033,017621
274169999873557,101911
274170024914981,017801
274170050001139,102071
274170075114587,017781
274170100221870,102061
274170125225280,017781
274170150368653,102041
274170175523666,017751
274170200621615,101831
274170225738129,017451
274170250828211,101501
274170275974000,015401
274170301056618,101071
274170326184625,014211
274170350273139,10981
274170376415524,013481
274170400494002,10941
274170426633254,013281
274170450705197,10861
274170476843355,013091
274170500986951,10861
274170527047943,013011
274170551130231,10801
274170577280826,012791
274170601366173,10741
274170627507127,012661
274170651579585,10751
274170677703595,012551
274170701780048,10731
274170728060482,012501
274170752064499,10721
274170778198495,012331
274170802667715,10701
274170828491255,012211
274170852512872,10691
274170878652072,012171
274170903113897,10631
274170928942303,012111
274170953134112,10621
274170979467626,012141
274171003284097,10701
274171029454983,012361
274171053822062,10721
274171079752829,012451
274171103627279,10771
274171129778691,012741
274171153853943,10761
274171180060150,012821
274171204038837,10801
274171230164357,013071
274171254214193,10861
274171280338320,013491
274171304405765,10981
274171330589435,013871
274171355669832,101091
274171380764019,014411
274171405946277,101111
274171431029870,017051
274171456112921,101471
274171481293047,017421
274171506376086,101681
274171531504213,017601
274171556642346,101801
274171581718918,017691
274171606835970,101991
274171631977869,017911
274171657048129,102211
274171682185180,017971
274171707293230,102421
274171732403370,017871
274171757528205,102281
274171782616456,017871
274171807772413,102311
274171832874898,017971
274171858022763,102381
274171883243487,018061
274171908313746,102451
274171933298457,018161
274171958788291,102501
274171983812757,018181
274172008715084,102671
274172034204862,018181
274172059132256,102661
274172084194674,018201
274172109158719,102671
274172134260069,018311
274172159774943,103041
274172184508329,018371
274172209633649,102971
274172234727337,018361
274172259830868,102731
274172284856332,018241
274172309976685,102841
274172335117764,018331
274172360111716,102881
274172385354215,018301
274172410467707,102681
274172435543686,018181
274172460671037,102461
274172485753522,017961
274172510944828,102331
274172536040824,017951
274172561141947,101891
274172586221191,017591
274172611348591,101621
274172636455245,017311
274172661549802,101181
274172686666079,014821
274172711975774,101021
274172736911587,014171
274172761163671,10951
274172787154548,013901
274172811410760,10931
274172837367643,013491
274172861443359,10891
274172887589184,013301
274172911620176,10861
274172937717714,013121
274172961894010,10881
274172987993774,013001
274173012116657,10831
274173038259304,012811
274173062330635,10731
274173088482158,012801
274173112532205,10761
274173138715709,012641
274173162794560,10721
274173188979024,012601
274173213034960,10741
274173239161802,012491
274173263189303,10711
274173289330108,012391
274173313403171,10661
274173339596191,012351
274173363669020,10631
274173389732563,012411
274173413928073,10691
274173440060978,012561
274173464093891,10711
274173490259541,012961
274173514336528,10851
274173540470028,013291
274173564513477,10941
274173590646131,014061
274173615781845,101071
274173640930581,015061
274173666067120,101621
274173691150630,017561
274173716288951,102171
274173741406784,018001
274173766513900,102461
274173791610000,018001
274173816803383,102331
274173841942128,018021
274173866994433,102381
274173892101289,018121
274173917217429,102591
274173942447495,018241
274173967662826,102661
274173992702015,018261
274174017725937,102741
274174042890614,018361
274174068159731,102781
274174093155086,018341
274174118254139,102901
274174143744154,018351
274174168532672,102931
274174193599619,018471
274174218832128,103101
274174243807653,018521
274174269014351,103151
274174293963304,018531
274174319062197,103151
274174344190725,018531
274174369288200,103081
274174394414401,018561
274174419498137,103221
274174444634497,018671
274174469777779,103541
274174494847777,018631
274174519949632,103421
274174545079930,018691
274174570169305,103181
274174595272789,018641
274174620411997,103221
274174645499438,018671
274174670659221,103401
274174695730268,018711
274174720837235,103341
274174745975272,018661
274174771063539,103351
274174796163728,018781
274174821236919,103261
274174846380499,018721
274174871494534,103311
274174896603248,018781
274174921732824,103451
274174946872821,018841
274174971956927,103511
274174997093141,018831
274175022226655,103441
274175047287844,018851
274175072451403,103341
274175097532148,018841
274175122879465,103401
274175147829831,018881
274175172945523,103441
274175198404177,018841
274175223228891,103651
274175248316418,018801
274175273796523,103661
274175298859254,018881
274175323641498,103511
274175348755692,018811
274175373852214,103501
274175399048104,018771
274175424086766,103501
274175449116494,018901
274175474158007,103331
274175499251651,018911
274175524401750,103351
274175549582160,018801
274175574675058,103481
274175599824473,018761
274175624977403,103471
274175650028513,018761
274175675119867,103271
274175700184597,018731
274175725374122,103111
274175750513239,018571
274175775572747,103101
274175800735183,018581
274175825882927,102971
274175850978534,018421
274175876045467,102811
274175901171861,018371
274175926296754,102901
274175951376195,018161
274175976514249,102311
274176001593563,017951
274176026732882,102351
274176051836391,017861
274176076974915,101871
274176102071638,017581
274176127188328,101601
274176152290408,017391
274176177355314,101381
274176202486177,015251
274176227583516,101091
274176252666310,014341
274176276804244,10981
274176302915723,013891
274176327031267,10971
274176353171034,013401
274176377235725,10861
274176403385159,013221
274176427687452,10861
274176453892533,013041
274176477946757,10801
274176503955457,012821
274176528093029,10761
274176554320058,012591
274176578375588,10711
274176604351397,012581
274176628429629,10731
274176654567711,012431
274176678727545,10741
274176704849584,012341
274176728931885,10691
274176755071299,012121
274176779097155,10641
274176805206974,011911
274176829282933,10591
274176855411686,011831
274176879508849,10551
274176905633773,011751
274176929720002,10561
274176955887526,011751
274176979931328,10601
274177006098319,011871
274177030136953,10601
274177056317536,012071
274177080385889,10631
274177106531868,012371
274177130628476,10721
274177156787659,012651
274177180783821,10781
274177206986650,013011
274177231126674,10851
274177257231721,013741
274177281313053,10981
274177307467360,014081
274177332603696,101001
274177357722145,013511
274177381823701,10881
274177407954540,012831
274177431973134,10751
274177458188980,012371
274177482305417,10661
274177508448828,012201
274177532526512,10601
274177558609234,011931
274177583053760,10591
274177608887413,011781
274177633187232,10531
274177659125216,011661
274177683197670,10541
274177709772491,011571
274177733825666,10511
274177759543590,011551
274177783628806,10531
274177809760180,011571
274177833854634,10511
274177859911603,011521
274177883992741,10551
274177910142390,011601
274177934219980,10571
274177960393344,011651
274177984476769,10571
274178010629207,011731
274178034719231,10591
274178060939843,011931
274178084936635,10611
274178111092476,012081
274178135129530,10651
274178161273469,012181
274178185365148,10621
274178211506218,012141
274178235610284,10631
274178261790921,012241
274178285881895,10651
274178311979330,012231
274178336105285,10701
274178362232240,012201
274178386305161,10691
274178412418810,012211
274178436569414,10691
274178462718378,012221
274178486769481,10701
274178512927597,012201
274178537128554,10651
274178563161697,012221
274178587271084,10661
274178613387544,012211
274178637472278,10621
274178663593643,012221
274178687666347,10711
274178713814168,012211
274178738374668,10701
274178764030026,012241
274178788274628,10691
274178814320898,012231
274178838377019,10651
274178864498639,012231
274178888977384,10681
274178915137609,012201
274178938896843,10701
274178965014089,012211
274178989062465,10691
274179015239246,012201
274179039291057,10681
274179065431997,012181
274179089404444,10671
274179115607099,012171
274179139703520,10691
274179165818430,012221
274179189919046,10711
274179216065252,012231
274179240119234,10651
274179266289519,012181
274179290340542,10651
274179316528985,012231
274179340572272,10691
274179366757821,012231
274179390848773,10631
274179416922934,012221
274179440979142,10691
274179467164894,012201
274179491193140,10681
274179517797298,012171
274179541727221,10691
274179567577542,012211
274179591740411,10681
274179617909914,012251
274179641925400,10691
274179668235568,012221
274179692551571,10631
274179718700496,012241
274179742361125,10651
274179768533548,012241
274179792977446,10651
274179818857519,012231
274179842857471,10701
274179869019029,012141
274179893065698,10651
274179919167390,012201
274179943336815,10671
274179969442201,012241
274179993513917,10661
274180019656804,012221
274180043721404,10651
274180069877243,012211
274180093955510,10661
274180120086744,012211
274180144175713,10681
274180170246406,012261
274180194392560,10681
274180220529996,012181
274180244580113,10691
274180270766679,012231
274180294798939,10711
274180320923012,012221
274180344995482,10671
274180371149283,012241
274180395226243,10681
274180421355593,012201
274180445445534,10651
274180471651282,012201
274180495911811,10671
274180521894292,012181
274180546053067,10641
274180572138325,012221
274180596251987,10601
274180622289644,012231
274180646378666,10581
274180672525672,012191
274180696624167,10551
274180722991424,012211
274180746938725,10541
274180773084932,012181
274180797142093,10541
274180823312816,012171
274180847375393,10541
274180873521506,012241
274180897532052,10511
274180923605348,012211
274180947728677,10491
274180973851915,012241
274180997935802,10471
274181024085929,012171
274181048096207,10451
274181074267068,012191
274181098350717,10471
274181124473143,012231
274181148556910,10521
274181174741363,012241
274181198796372,10541
274181224917606,012221
274181248992821,10471
274181275124957,012211
274181299203804,10451
274181325357027,012241
274181349426469,10481
274181375740427,012211
274181399669799,10461
274181426232966,012241
274181449951651,10441
274181476395815,012231
274181500247649,10481
274181526331078,012201
274181550416594,10491
274181576571600,012211
274181600848207,10461
274181626765527,012201
274181650804428,10381
274181677047090,012181
274181701055883,10401
274181727201267,012181
274181751278971,10341
274181777359865,012191
274181801434665,10331
274181827527383,012191
274181851956778,10341
274181877762922,012241
274181902018988,10351
274181927939736,012171
274181952019952,10341
274181978103431,012181
274182002238418,10361
274182028365156,012241
274182052469285,10391
274182078602421,012221
274182102652247,10361
274182128766511,012211
274182152880858,10371
274182179035479,012181
274182203469039,10341
274182229243945,012221
274182253340647,10341
274182279492728,012201
274182303517314,10361
274182329676043,012221
274182353764512,10381
274182379949409,012231
274182403987211,10361
274182430140193,012221
274182454247232,10361
274182480464166,012231
274182504635876,10341
274182530676449,012211
274182554750730,10341
274182580884165,012241
274182605208463,10341
274182631129014,012211
274182655181908,10361
274182681344494,012191
274182705416035,10321
274182731502087,012191
274182755536932,10371
274182781708455,012181
274182805699524,10391
274182831928104,012201
274182855953002,10331
274182882108132,012241
274182906183266,10321
274182932334576,012221
274182956398776,10361
274182982536841,012181
274183006606192,10341
274183032714961,012231
274183056829983,10341
274183082996580,012221
274183107003936,10331
274183133142428,012221
274183157213251,10361
274183183379165,012171
274183207448934,10311
274183233587509,012221
274183257673327,10361
274183283825012,012171
274183307927968,10341
274183333991531,012201
274183358120735,10361
274183384226001,012241
274183408357554,10341
274183434592537,012161
274183458609133,10351
274183484927830,012201
274183508740884,10321
274183534981651,012061
274183559109514,10371
274183585264005,011951
274183609320779,10301
274183635474524,011761
274183659545422,10231
274183685669790,011631
274183710103081,10201
274183735864966,011501
274183759980954,10191
274183786078861,011391
274183810145769,10181
274183836320093,011251
274183860380243,10161
274183886563247,011161
274183910625595,10151
274183936739323,011081
274183960839713,10161
274183986992080,011011
274184011061278,10111
274184036169666,01921
274184061258762,10161
274184086352572,01851
274184111448788,10121
274184136589512,01771
274184161673709,10161
274184186775041,01741
274184211956212,10161
274184237007565,01731
274184262129950,10111
274184287483293,01751
274184312404417,10151
274184337500686,01751
274184362547513,10131
274184387658744,01781
274184412747009,10111
274184437947529,01771
274184463003611,10161
274184488166198,01781
274184513384118,10171
274184538379234,01781
274184563470646,10151
274184588522146,01761
274184613663161,10131
274184638742233,01571
274184663836783,10131
274184688922557,01421
274184714007618,10161
274184739136459,01301
274184764230072,10151
274184789378665,01201
274184814492878,10111
274184839954103,01131
274184864698130,10151
274184889816793,01141
274184914948854,10111
274184940224125,01111
274184965151379,10141
274184990466129,01161
274185015740062,10111
274185040496486,01141
274185065648838,10111
274185090746276,01101
274185115832584,10141
274185140993767,01141
274185166017614,10111
274185191081770,01121
274185216188035,10111
274185241313312,01131
274185266404575,10141
274185291489440,01161
274185316632374,10131
274185341719019,01141
274185366851568,10141
274185391963187,01131
274185417065951,10131
274185442197527,01151
274185467470715,10151
274185492401870,01141
274185517498284,10121
274185541549598,0191
274185567868746,10141
274185592825011,01131
274185616927676,1091
274185643257820,01131
274185668226779,10101
274185693283415,01151
274185718384295,10141
274185743482727,01121
274185768950536,10131
274185792738579,0191
274185818885100,10111
274185843997341,01141
274185869097835,10151
274185894150481,01111
274185919216975,10161
274185944349401,01161
274185969434191,10141
274185994568813,01141
274186019714329,10131
274186044809884,01151
274186069947018,10171
274186095007451,01131
274186120075341,10171
274186145239711,01151
274186170312368,10141
274186195434946,01131
274186220533625,10181
274186245629589,01171
274186270753087,10151
274186295902734,01181
274186320935961,10171
274186346052144,01151
274186371154367,10161
274186396243333,01191
274186421360703,10171
274186446490695,01171
274186471611310,10181
274186496732267,01181
274186521917144,10151
274186546931400,01191
274186572064104,10151
274186597186959,01151
274186622275704,10141
274186647377627,01161
274186672503409,10181
274186697627798,01161
274186722764905,10171
274186747945747,01151
274186773019321,10151
274186798117249,01131
274186823243208,10131
274186848361345,01121
274186873505328,10141
274186897584006,0191
274186922778243,1081
274186948950746,01111
274186972966469,1081
274186999100779,01111
274187024301939,10151
274187049362790,01121
274187074895949,10141
274187099662438,01141
274187125010424,10161
274187149935695,01121
274187175293748,10151
274187200231157,01111
274187225262943,10181
274187250434107,01171
274187275580039,10171
274187300670833,01171
274187325755550,10171
274187350809546,01161
274187375908277,10181
274187401086332,01181
274187426155743,10191
274187451268922,01131
274187476350309,10181
274187501571212,01191
274187526596471,10151
274187551762722,01151
274187576876851,10181
274187601965528,01181
274187627018737,10151
274187652209060,01121
274187677255204,10171
274187702323090,01161
274187727489697,10161
274187752541410,01131
274187777697890,10151
274187802837823,01161
274187827926773,10181
274187853061355,01161
274187878121252,10181
274187903267494,01171
274187928372206,10201
274187953483792,01181
274187978582302,10171
274188003652174,01161
274188028793478,10181
274188053872695,01171
274188078978686,10191
274188103992953,01171
274188129144151,10171
274188154236771,01181
274188179426442,10181
274188204576029,01131
274188229612837,10151
274188254753288,01131
274188279871209,10181
274188304989204,01141
274188329997885,10191
274188355184139,01171
274188380358783,10181
274188405373873,01181
274188430523953,10181
274188455567072,01151
274188480716992,10181
274188505827555,01171
274188530969674,10161
274188556049606,01151
274188581213592,10171
274188606293354,01171
274188631407514,10161
274188656409767,01151
274188681638785,10171
274188706717671,01171
274188731844580,10161
274188756952816,01151
274188781994296,10161
274188807099657,01181
274188832225296,10131
274188857347099,01171
274188882405689,10161
274188907520652,01131
274188932705971,10171
274188957779157,01111
274188982940309,10131
274189008046453,01141
274189033096032,10131
274189058243903,01161
274189083366254,10131
274189108485166,01111
274189133604796,10151
274189158718600,01131
274189183835156,10161
274189208967012,01131
274189234043407,10121
274189259169568,01141
274189284278644,10131
274189309378213,01141
274189334473884,10161
274189359559977,01151
274189384695464,10171
274189409795376,01141
274189434933488,10151
274189460046734,01151
274189485150844,10151
274189510252742,01101
274189535375831,10141
274189560472181,01111
274189585593231,10111
274189610695282,01121
274189635791290,10141
274189660938980,01121
274189686039868,10141
274189711151069,01141
274189736250458,10141
274189761343340,01141
274189786503934,10111
274189811624823,01141
274189836745055,10141
274189861855875,01131
274189887127820,10141
274189912318693,01151
274189937416212,10141
274189962369669,01141
274189987396197,10141
274190012573123,01141
274190037894313,10141
274190062125475,0191
